26
70
40
10
28
86
2
19
66
97
20
43
59
64
27
51
78
1
84
78
2
51
23
44
2
89
62
39
77
76
43
78
18
70
68
57
31
72
11
80
58
24
75
3
14
81
18
91
31
7
7
6
61
45
16
16
83
42
84
81
88
15
13
34
35
31
93
34
22
78
30
56
60
73
96
86
5
8
17
99
3
43
20
27
79
20
15
33
9
41
37
53
37
14
29
92
47
41
30
3
47
19
79
67
95
1
49
27
89
19
64
75
87
66
6
43
91
56
80
12
48
43
10
100
99
49
85
67
7
79
98
63
18
67
38
47
7
48
80
8
99
66
63
91
23
86
81
81
25
59
61
76
93
44
95
60
56
15
16
3
23
63
42
38
51
18
11
2
69
78
71
61
8
80
14
68
32
64
63
19
6
48
70
74
25
37
93
32
2
26
30
69
55
55
7
78
27
93
10
19
2
83
1
9
1
66
5
37
2
33
7
74
12
22
19
49
33
74
11
98
91
9
87
57
23
58
47
50
40
76
12
50
29
23
9
70
14
14
96
55
28
66
99
49
54
84
47
31
77
39
