199
362
416
379
416
385
106
182
383
408
330
235
483
371
465
225
427
252
322
289
213
180
334
401
477
492
481
464
355
421
130
130
470
298
421
262
442
107
277
491
302
248
495
142
410
195
398
391
220
416
408
273
308
379
414
357
479
446
401
479
496
454
202
247
297
177
148
159
393
177
468
260
137
238
161
437
224
125
143
386
232
282
315
217
217
500
208
219
280
470
318
321
401
279
470
441
112
253
195
496
259
137
207
161
411
319
324
127
329
141
342
283
494
228
182
315
153
151
396
172
276
210
327
118
285
202
186
178
405
120
177
371
489
179
431
468
420
373
406
325
343
178
280
319
413
223
379
489
165
366
102
426
474
409
243
349
358
236
244
464
410
485
331
174
226
372
324
481
152
471
366
201
235
402
348
165
424
237
182
207
141
121
197
172
123
128
304
452
410
332
136
476
199
395
396
236
118
467
393
448
279
499
402
119
469
131
316
295
331
236
489
185
493
197
300
389
418
274
485
211
486
376
472
486
451
404
331
175
334
268
158
161
387
359
237
414
217
269
277
421
290
409
270
336
379
216
423
419
288
136
